v	T	p
0	0	0
0	0	0
0	0	0
0	0	0
0	0	0
0	0	0
0	0	0
0	0	0
0	0	0
0	0	0
1	0.919221	0.0134796
1	0.951118	0.0124268
1	0.915949	0.0116167
1	0.90816	0.0109825
1	0.916581	0.0111267
1	0.922249	0.0115483
1	0.936826	0.0115797
1	0.915975	0.0122278
1	0.921766	0.011297
1	0.85019	0.0114226
1.41421	1.37696	0.0182461
1.41421	1.35526	0.0173838
1.41421	1.42196	0.0165136
1.41421	1.34745	0.0159156
1.41421	1.35212	0.0166354
1.41421	1.36121	0.0158116
1.41421	1.37702	0.017869
1.41421	1.35393	0.0178468
1.41421	1.33837	0.0171434
1.41421	1.34344	0.018017
1.73205	1.83309	0.0228263
1.73205	1.81363	0.0218632
1.73205	1.84499	0.0231623
1.73205	1.79137	0.0228568
1.73205	1.78932	0.0237958
1.73205	1.8687	0.022731
1.73205	1.7842	0.0233257
1.73205	1.82881	0.0235982
1.73205	1.84473	0.0227598
1.73205	1.8056	0.0222586
2	2.28148	0.0277417
2	2.30358	0.030772
2	2.27156	0.0285004
2	2.28641	0.0293307
2	2.2646	0.0275871
2	2.32205	0.0295337
2	2.26145	0.0290104
2	2.28776	0.028901
2	2.31353	0.028346
2	2.32552	0.0278306
2.23607	2.7774	0.0361124
2.23607	2.78347	0.0343445
2.23607	2.7773	0.0369961
2.23607	2.72659	0.0369956
2.23607	2.76858	0.0325727
2.23607	2.76657	0.0360475
2.23607	2.73814	0.0358473
2.23607	2.7583	0.0363617
2.23607	2.80629	0.0355814
2.23607	2.76689	0.0354194
2.44949	3.27169	0.0424086
2.44949	3.23234	0.0418939
2.44949	3.25866	0.0441581
2.44949	3.26278	0.0421834
2.44949	3.28091	0.040943
2.44949	3.24428	0.0422399
2.44949	3.2842	0.0426005
2.44949	3.24407	0.0406016
2.44949	3.24746	0.0394682
2.44949	3.23804	0.0397951
2.64575	3.73194	0.0471902
2.64575	3.77473	0.0472394
2.64575	3.72309	0.0498076
2.64575	3.73115	0.0485261
2.64575	3.72693	0.0467033
2.64575	3.73622	0.0502167
2.64575	3.75688	0.046974
2.64575	3.72139	0.0479251
2.64575	3.7234	0.0466696
2.64575	3.73466	0.0478379
2.82843	4.24342	0.0561415
2.82843	4.21007	0.0548931
2.82843	4.23126	0.0527654
2.82843	4.23795	0.0547261
2.82843	4.21102	0.0575494
2.82843	4.21111	0.0527809
2.82843	4.20231	0.0534138
2.82843	4.22863	0.054656
2.82843	4.22653	0.0518918
2.82843	4.23156	0.0523872
3	4.71826	0.0585607
3	4.70466	0.0619983
3	4.69006	0.059456
3	4.70547	0.058565
3	4.67142	0.0595939
3	4.69325	0.0605539
3	4.69271	0.0619679
3	4.71033	0.0595751
3	4.68989	0.0594312
3	4.7059	0.0617677
3.16228	5.18924	0.0686313
3.16228	5.18319	0.0676381
3.16228	5.20227	0.0641949
3.16228	5.19653	0.0694263
3.16228	5.1752	0.0692021
3.16228	5.20734	0.0624855
3.16228	5.20743	0.0677684
3.16228	5.1901	0.0647907
3.16228	5.20386	0.0688308
3.16228	5.17346	0.0642011
3.31662	5.68309	0.0730585
3.31662	5.67903	0.0737536
3.31662	5.67958	0.0697601
3.31662	5.67434	0.0764371
3.31662	5.66288	0.0730291
3.31662	5.64932	0.0702505
3.31662	5.67569	0.0716413
3.31662	5.68573	0.0703307
3.31662	5.68146	0.0704927
3.31662	5.66859	0.0723428
3.4641	6.15633	0.0785696
3.4641	6.1577	0.0805649
3.4641	6.12885	0.079735
3.4641	6.17274	0.0802638
3.4641	6.15009	0.0823037
3.4641	6.19016	0.0788384
3.4641	6.18704	0.0770358
3.4641	6.1474	0.0752404
3.4641	6.1659	0.0788529
3.4641	6.17795	0.079528
3.60555	6.63945	0.0881719
3.60555	6.65529	0.0885263
3.60555	6.66484	0.0854186
3.60555	6.64446	0.0802958
3.60555	6.6526	0.0830343
3.60555	6.61411	0.0822084
3.60555	6.65011	0.0839263
3.60555	6.63824	0.0831206
3.60555	6.64184	0.0875603
3.60555	6.64962	0.088531
3.74166	7.15002	0.0911991
3.74166	7.13621	0.0910855
3.74166	7.10035	0.0946289
3.74166	7.16186	0.0894554
3.74166	7.14984	0.0901068
3.74166	7.13524	0.0933364
3.74166	7.14537	0.0868316
3.74166	7.1467	0.0907079
3.74166	7.12259	0.0914216
3.74166	7.10806	0.0930148
3.87298	7.6202	0.0991501
3.87298	7.65285	0.0977099
3.87298	7.62193	0.101343
3.87298	7.6514	0.0942805
3.87298	7.62614	0.0925505
3.87298	7.61816	0.0955009
3.87298	7.6437	0.0937304
3.87298	7.61211	0.0991988
3.87298	7.63372	0.0927189
3.87298	7.6522	0.0965591
4	8.09446	0.104904
4	8.10275	0.105016
4	8.09017	0.103116
4	8.09307	0.101418
4	8.123	0.102617
4	8.09033	0.10101
4	8.09606	0.104773
4	8.12986	0.10484
4	8.12573	0.102445
4	8.13688	0.10672
4.12311	8.58594	0.107091
4.12311	8.58881	0.112216
4.12311	8.59385	0.11214
4.12311	8.61894	0.104921
4.12311	8.627	0.108035
4.12311	8.59222	0.113672
4.12311	8.60035	0.106084
4.12311	8.59812	0.114939
4.12311	8.61137	0.105319
4.12311	8.5935	0.109761
4.24264	9.08709	0.116572
4.24264	9.1091	0.114527
4.24264	9.08577	0.122253
4.24264	9.09174	0.114596
4.24264	9.1234	0.115816
4.24264	9.08113	0.114722
4.24264	9.09069	0.116201
4.24264	9.0714	0.117304
4.24264	9.04992	0.114124
4.24264	9.09342	0.1201
4.3589	9.55888	0.12232
4.3589	9.57676	0.120428
4.3589	9.56071	0.121932
4.3589	9.56364	0.118371
4.3589	9.61088	0.12375
4.3589	9.57017	0.123899
4.3589	9.56855	0.122143
4.3589	9.59578	0.125343
4.3589	9.57012	0.118649
4.3589	9.54038	0.120571
4.47214	10.0828	0.125436
4.47214	10.0645	0.125958
4.47214	10.0888	0.122584
4.47214	10.0342	0.125602
4.47214	10.0485	0.13085
4.47214	10.0685	0.127648
4.47214	10.0481	0.125783
4.47214	10.0489	0.125586
4.47214	10.0962	0.131565
4.47214	10.1306	0.131787
4.58258	10.5741	0.129172
4.58258	10.54	0.132513
4.58258	10.6028	0.134262
4.58258	10.5445	0.1376
4.58258	10.5462	0.137557
4.58258	10.5324	0.132448
4.58258	10.5336	0.131708
4.58258	10.538	0.134256
4.58258	10.5605	0.141367
4.58258	10.5455	0.13326
4.69042	11.0506	0.142488
4.69042	11.0534	0.137337
4.69042	11.0209	0.141027
4.69042	10.9902	0.137858
4.69042	11.0499	0.143382
4.69042	10.9899	0.143105
4.69042	11.0446	0.140507
4.69042	11.0178	0.13983
4.69042	11.0149	0.138051
4.69042	11.0531	0.145395
4.79583	11.4802	0.150979
4.79583	11.5325	0.147485
4.79583	11.5462	0.147274
4.79583	11.5265	0.148057
4.79583	11.5229	0.145403
4.79583	11.5055	0.141104
4.79583	11.5538	0.141436
4.79583	11.5297	0.151069
4.79583	11.5623	0.146089
4.79583	11.5141	0.150495
4.89898	12.0661	0.158085
4.89898	12.0069	0.152617
4.89898	12.0688	0.159622
4.89898	11.9835	0.155814
4.89898	12.0151	0.149349
4.89898	12.0144	0.154761
4.89898	12.0222	0.153019
4.89898	12.0152	0.152689
4.89898	12.0287	0.153921
4.89898	12.0024	0.151658
5	12.5828	0.160371
5	12.4926	0.157164
5	12.4919	0.158902
5	12.4766	0.156681
5	12.4656	0.16156
5	12.4894	0.157111
5	12.4789	0.164
5	12.5146	0.155604
5	12.5012	0.161775
5	12.4935	0.163772
5.09902	13.01	0.164972
5.09902	12.9506	0.165093
5.09902	12.9646	0.163895
5.09902	12.9627	0.155927
5.09902	12.9657	0.163039
5.09902	12.962	0.167919
5.09902	12.9582	0.167341
5.09902	12.9411	0.162344
5.09902	12.9891	0.164369
5.09902	13.0138	0.165119
5.19615	13.4881	0.166845
5.19615	13.5069	0.174188
5.19615	13.4468	0.17361
5.19615	13.4353	0.174603
5.19615	13.4616	0.159048
5.19615	13.5204	0.172944
5.19615	13.4981	0.177823
5.19615	13.4982	0.174791
5.19615	13.4699	0.165361
5.19615	13.5011	0.172046
5.2915	13.9669	0.175372
5.2915	13.9531	0.180593
5.2915	13.9833	0.172963
5.2915	13.9663	0.174707
5.2915	13.9541	0.171599
5.2915	13.9462	0.179659
5.2915	13.9411	0.178416
5.2915	13.9666	0.179959
5.2915	13.9642	0.1805
5.2915	13.9517	0.182774
5.38516	14.4639	0.187693
5.38516	14.4627	0.190291
5.38516	14.4568	0.187807
5.38516	14.5023	0.188411
5.38516	14.4744	0.186212
5.38516	14.4235	0.191451
5.38516	14.4704	0.184296
5.38516	14.4605	0.176782
5.38516	14.4543	0.182269
5.38516	14.5025	0.18677
5.47723	14.9024	0.195072
5.47723	15.0081	0.193469
5.47723	14.9427	0.192287
5.47723	14.9062	0.187565
5.47723	14.937	0.182958
5.47723	14.9782	0.186087
5.47723	14.8879	0.186991
5.47723	14.925	0.191966
5.47723	14.9285	0.185009
5.47723	14.9161	0.187916
5.56776	15.439	0.198827
5.56776	15.3895	0.204615
5.56776	15.4312	0.194865
5.56776	15.375	0.203296
5.56776	15.4242	0.194409
5.56776	15.4187	0.198148
5.56776	15.3891	0.196977
5.56776	15.4607	0.201008
5.56776	15.4172	0.200679
5.56776	15.4237	0.200826
5.65685	15.9125	0.200787
5.65685	15.9163	0.203526
5.65685	15.9067	0.200803
5.65685	15.9012	0.208779
5.65685	15.8668	0.20472
5.65685	16.0309	0.197043
5.65685	15.9037	0.201895
5.65685	15.8928	0.193141
5.65685	15.9107	0.201577
5.65685	15.9236	0.203929
5.74456	16.3816	0.213344
5.74456	16.3647	0.212409
5.74456	16.3942	0.209891
5.74456	16.3779	0.205683
5.74456	16.3722	0.20969
5.74456	16.4309	0.219454
5.74456	16.4472	0.207985
5.74456	16.3709	0.210504
5.74456	16.4455	0.208177
5.74456	16.4386	0.211078
5.83095	16.8729	0.215408
5.83095	16.835	0.215645
5.83095	16.8974	0.21335
5.83095	16.8881	0.210878
5.83095	16.8587	0.213983
5.83095	16.9114	0.215954
5.83095	16.8994	0.216177
5.83095	16.906	0.213679
5.83095	16.8696	0.215339
5.83095	16.912	0.21429
5.91608	17.3487	0.225388
5.91608	17.3514	0.21991
5.91608	17.3446	0.213406
5.91608	17.385	0.217985
5.91608	17.4106	0.217534
5.91608	17.3635	0.21683
5.91608	17.3894	0.222293
5.91608	17.3776	0.218963
5.91608	17.3692	0.222061
5.91608	17.3596	0.222993
6	17.8461	0.232991
6	17.8496	0.229193
6	17.8399	0.228058
6	17.8575	0.22981
6	17.8929	0.231658
6	17.8417	0.227501
6	17.8508	0.223059
6	17.8609	0.235828
6	17.8364	0.231198
6	17.8915	0.232473
6.08276	18.3305	0.230254
6.08276	18.357	0.22486
6.08276	18.4076	0.235002
6.08276	18.341	0.232738
6.08276	18.3684	0.239489
6.08276	18.3302	0.231024
6.08276	18.331	0.235448
6.08276	18.3826	0.238161
6.08276	18.3655	0.230738
6.08276	18.3721	0.227144
6.16441	18.8038	0.246418
6.16441	18.8482	0.238567
6.16441	18.7966	0.233868
6.16441	18.8401	0.239949
6.16441	18.7983	0.245733
6.16441	18.8628	0.243835
6.16441	18.8228	0.24765
6.16441	18.8056	0.234209
6.16441	18.8407	0.237899
6.16441	18.8293	0.248645
6.245	19.3039	0.250571
6.245	19.321	0.249062
6.245	19.3741	0.248218
6.245	19.2925	0.240453
6.245	19.2839	0.252522
6.245	19.2797	0.250176
6.245	19.3206	0.238684
6.245	19.3127	0.247092
6.245	19.2974	0.244731
6.245	19.3336	0.255147
6.32456	19.8035	0.249404
6.32456	19.772	0.252332
6.32456	19.8061	0.253291
6.32456	19.84	0.250666
6.32456	19.8002	0.256143
6.32456	19.8113	0.247712
6.32456	19.7768	0.261907
6.32456	19.7789	0.253676
6.32456	19.8314	0.258606
6.32456	19.8069	0.25443
6.40312	20.2797	0.257311
6.40312	20.3126	0.265017
6.40312	20.2951	0.261224
6.40312	20.2798	0.255254
6.40312	20.3442	0.25685
6.40312	20.3616	0.265809
6.40312	20.3165	0.259569
6.40312	20.3329	0.257812
6.40312	20.2916	0.264748
6.40312	20.2246	0.259175
6.48074	20.7511	0.260401
6.48074	20.7774	0.26901
6.48074	20.8467	0.267921
6.48074	20.7508	0.271334
6.48074	20.7384	0.267341
6.48074	20.7637	0.264124
6.48074	20.7763	0.257398
6.48074	20.7788	0.27295
6.48074	20.781	0.267782
6.48074	20.7868	0.260646
6.55744	21.359	0.271729
6.55744	21.2897	0.279444
6.55744	21.2851	0.265358
6.55744	21.2522	0.271707
6.55744	21.2756	0.275012
6.55744	21.3202	0.267977
6.55744	21.2532	0.275093
6.55744	21.2681	0.277783
6.55744	21.2892	0.269747
6.55744	21.2369	0.273759
6.63325	21.8048	0.27814
6.63325	21.7677	0.278082
6.63325	21.8084	0.286444
6.63325	21.7881	0.279729
6.63325	21.7226	0.279251
6.63325	21.7756	0.280252
6.63325	21.7272	0.279642
6.63325	21.7563	0.276392
6.63325	21.7554	0.27809
6.63325	21.7704	0.278087
6.7082	22.2208	0.277974
6.7082	22.2325	0.283109
6.7082	22.2159	0.274081
6.7082	22.255	0.278113
6.7082	22.2137	0.288246
6.7082	22.2746	0.282339
6.7082	22.2526	0.299103
6.7082	22.3367	0.281874
6.7082	22.2987	0.285182
6.7082	22.2833	0.281849
6.78233	22.7116	0.288534
6.78233	22.7746	0.299215
6.78233	22.7497	0.298147
6.78233	22.7232	0.294929
6.78233	22.776	0.302812
6.78233	22.674	0.287822
6.78233	22.7293	0.294566
6.78233	22.7722	0.295644
6.78233	22.7019	0.288157
6.78233	22.6905	0.294349
6.85565	23.1958	0.298642
6.85565	23.3816	0.306793
6.85565	23.235	0.300147
6.85565	23.2049	0.294037
6.85565	23.2419	0.29031
6.85565	23.1772	0.302274
6.85565	23.2125	0.301123
6.85565	23.2255	0.297565
6.85565	23.2031	0.28616
6.85565	23.2605	0.302183
6.9282	23.6792	0.304659
6.9282	23.7231	0.295273
6.9282	23.6657	0.307241
6.9282	23.7751	0.309572
6.9282	23.6858	0.309348
6.9282	23.6988	0.306657
6.9282	23.6504	0.288795
6.9282	23.7402	0.310864
6.9282	23.7533	0.309646
6.9282	23.7122	0.30665
7	24.1453	0.314228
7	24.2193	0.312852
7	24.2697	0.305362
7	24.205	0.313983
7	24.1733	0.313796
7	24.2458	0.318716
7	24.2659	0.301134
7	24.1721	0.314813
7	24.1508	0.308063
7	24.2066	0.31661
7.07107	24.6184	0.313585
7.07107	24.6779	0.31756
7.07107	24.6821	0.307789
7.07107	24.6286	0.326211
7.07107	24.7197	0.316794
7.07107	24.6406	0.310176
7.07107	24.7591	0.316508
7.07107	24.7407	0.322313
7.07107	24.7124	0.303695
7.07107	24.6813	0.315939
7.14143	25.3171	0.319625
7.14143	25.1451	0.322703
7.14143	25.24	0.322079
7.14143	25.1508	0.306453
7.14143	25.2036	0.323351
7.14143	25.1185	0.319757
7.14143	25.1383	0.33025
7.14143	25.189	0.319628
7.14143	25.1769	0.32118
7.14143	25.13	0.30866
7.2111	25.7201	0.329384
7.2111	25.7202	0.326065
7.2111	25.7694	0.322112
7.2111	25.6395	0.328187
7.2111	25.6664	0.331085
7.2111	25.6238	0.327135
7.2111	25.6537	0.330059
7.2111	25.6813	0.328619
7.2111	25.7548	0.3288
7.2111	25.6943	0.322325
7.28011	26.1774	0.332435
7.28011	26.1816	0.330331
7.28011	26.1281	0.328103
7.28011	26.18	0.338719
7.28011	26.2134	0.337599
7.28011	26.172	0.340082
7.28011	26.1676	0.336064
7.28011	26.0856	0.337083
7.28011	26.1296	0.350315
7.28011	26.2076	0.336088
7.34847	26.6804	0.337204
7.34847	26.7352	0.342619
7.34847	26.6203	0.339291
7.34847	26.6327	0.345702
7.34847	26.584	0.340699
7.34847	26.5803	0.343443
7.34847	26.5752	0.333595
7.34847	26.6464	0.331632
7.34847	26.6829	0.339955
7.34847	26.6247	0.336318
7.4162	27.148	0.351806
7.4162	27.1071	0.3472
7.4162	27.1797	0.342309
7.4162	27.0922	0.342167
7.4162	27.1085	0.341004
7.4162	27.1423	0.353413
7.4162	27.2756	0.356445
7.4162	27.1011	0.345632
7.4162	27.1188	0.349248
7.4162	27.1921	0.342094
7.48331	27.644	0.343463
7.48331	27.6103	0.35147
7.48331	27.5708	0.347108
7.48331	27.6383	0.342576
7.48331	27.703	0.34603
7.48331	27.5895	0.369864
7.48331	27.7114	0.355533
7.48331	27.5876	0.35756
7.48331	27.5615	0.364017
7.48331	27.6315	0.360214
7.54983	28.087	0.355876
7.54983	28.19	0.360307
7.54983	28.1253	0.35163
7.54983	28.1219	0.360108
7.54983	28.1639	0.362444
7.54983	28.1258	0.360952
7.54983	28.0804	0.364846
7.54983	28.125	0.355421
7.54983	28.064	0.36459
7.54983	28.3319	0.366095
7.61577	28.5945	0.357507
7.61577	28.6037	0.366196
7.61577	28.6109	0.365511
7.61577	28.5261	0.367057
7.61577	28.5716	0.365277
7.61577	28.6084	0.367967
7.61577	28.5304	0.362067
7.61577	28.6131	0.36031
7.61577	28.5402	0.364801
7.61577	28.5875	0.356934
7.68115	29.1397	0.37908
7.68115	29.1733	0.371171
7.68115	29.0262	0.365718
7.68115	29.0478	0.377912
7.68115	29.0993	0.362241
7.68115	29.1066	0.377461
7.68115	29.1837	0.381129
7.68115	29.1213	0.368621
7.68115	29.2744	0.362156
7.68115	29.0408	0.371411
7.74597	29.6192	0.38023
7.74597	29.5453	0.373409
7.74597	29.6208	0.382075
7.74597	29.5515	0.378964
7.74597	29.5344	0.377934
7.74597	29.5457	0.390001
7.74597	29.6889	0.372622
7.74597	29.5572	0.378914
7.74597	29.5572	0.377674
7.74597	29.5325	0.382855
7.81025	30.1692	0.389015
7.81025	29.978	0.377841
7.81025	30.1277	0.393302
7.81025	30.0393	0.382022
7.81025	30.1028	0.379037
7.81025	30.0118	0.381338
7.81025	30.0727	0.399031
7.81025	30.0423	0.370256
7.81025	30.0325	0.378111
7.81025	30.1197	0.384908
7.87401	30.4608	0.381981
7.87401	30.5587	0.379223
7.87401	30.5564	0.392837
7.87401	30.5618	0.369636
7.87401	30.6394	0.382235
7.87401	30.786	0.397
7.87401	30.5084	0.393295
7.87401	30.5349	0.395969
7.87401	30.5259	0.390847
7.87401	30.5384	0.383022
7.93725	31.0204	0.393293
7.93725	31.1229	0.379234
7.93725	30.9853	0.393133
7.93725	30.9811	0.39639
7.93725	31.0344	0.407288
7.93725	30.969	0.391267
7.93725	31.0064	0.396963
7.93725	31.0781	0.395907
7.93725	31.0136	0.378673
7.93725	31.056	0.403271
8	31.4686	0.40607
8	31.5628	0.401824
8	31.6526	0.389395
8	31.5252	0.403785
8	31.5923	0.406333
8	31.5803	0.406107
8	31.502	0.409205
8	31.5576	0.401194
8	31.4666	0.412871
8	31.4115	0.39499
8.06226	32.0668	0.412393
8.06226	31.9366	0.409157
8.06226	31.9198	0.396721
8.06226	31.9553	0.400018
8.06226	31.9757	0.408089
8.06226	32.0013	0.4191
8.06226	32.1489	0.415235
8.06226	31.9628	0.412739
8.06226	31.9914	0.404402
8.06226	32.0209	0.410954
8.12404	32.4885	0.414945
8.12404	32.5559	0.411026
8.12404	32.5035	0.410044
8.12404	32.4547	0.415773
8.12404	32.4203	0.412396
8.12404	32.5588	0.418324
8.12404	32.523	0.422392
8.12404	32.4091	0.406494
8.12404	32.4394	0.40951
8.12404	32.4834	0.419395
8.18535	32.9848	0.417701
8.18535	32.9172	0.422676
8.18535	33.1059	0.423334
8.18535	33.146	0.423501
8.18535	32.9324	0.413243
8.18535	33.1569	0.415222
8.18535	33.0104	0.423896
8.18535	32.9487	0.414164
8.18535	32.9337	0.419653
8.18535	32.9527	0.422719
8.24621	33.4319	0.422494
8.24621	33.4559	0.430552
8.24621	33.5172	0.425216
8.24621	33.5133	0.43035
8.24621	33.4071	0.42527
8.24621	33.5192	0.417242
8.24621	33.4162	0.420855
8.24621	33.5029	0.433553
8.24621	33.4385	0.43466
8.24621	33.4735	0.430514
8.30662	33.9406	0.440249
8.30662	33.9827	0.427915
8.30662	34.0439	0.419782
8.30662	33.9381	0.435064
8.30662	34.0065	0.428341
8.30662	34.05	0.42902
8.30662	33.9724	0.439908
8.30662	33.891	0.443375
8.30662	33.9582	0.443633
8.30662	33.875	0.443596
8.3666	34.6196	0.448678
8.3666	34.4893	0.428938
8.3666	34.4123	0.430922
8.3666	34.3567	0.430453
8.3666	34.5308	0.446322
8.3666	34.5632	0.430516
8.3666	34.4019	0.43426
8.3666	34.467	0.444332
8.3666	34.4409	0.449457
8.3666	34.5337	0.454201
8.42615	34.9142	0.443941
8.42615	35.1612	0.466081
8.42615	35.0574	0.438069
8.42615	35.1725	0.44874
8.42615	34.9824	0.447938
8.42615	34.9234	0.452417
8.42615	34.8933	0.451529
8.42615	34.9207	0.432274
8.42615	34.9096	0.445252
8.42615	34.982	0.447493
8.48528	35.4198	0.44702
8.48528	35.4086	0.460905
8.48528	35.492	0.437535
8.48528	35.3806	0.454788
8.48528	35.3904	0.470019
8.48528	35.4617	0.45483
8.48528	35.3817	0.449178
8.48528	35.5543	0.458122
8.48528	35.4643	0.445641
8.48528	35.4253	0.440523
8.544	35.8823	0.457868
8.544	35.8575	0.461683
8.544	35.9762	0.454906
8.544	35.8922	0.456889
8.544	35.8463	0.466784
8.544	35.9244	0.456965
8.544	35.9072	0.451271
8.544	35.9169	0.4604
8.544	35.9052	0.463218
8.544	35.9899	0.443457
8.60233	36.3889	0.448033
8.60233	36.4156	0.464381
8.60233	36.4595	0.47374
8.60233	36.3969	0.462674
8.60233	36.4933	0.466398
8.60233	36.3378	0.453892
8.60233	36.4052	0.45955
8.60233	36.4808	0.475659
8.60233	36.3831	0.456887
8.60233	36.3965	0.471445
8.66025	36.9087	0.470538
8.66025	36.8595	0.477713
8.66025	36.9027	0.47364
8.66025	36.8711	0.488542
8.66025	36.9064	0.456483
8.66025	37.005	0.478898
8.66025	36.831	0.46845
8.66025	36.8638	0.472807
8.66025	36.8714	0.474242
8.66025	36.8835	0.475469
8.7178	37.4563	0.478487
8.7178	37.3738	0.47535
8.7178	37.3735	0.465322
8.7178	37.376	0.483077
8.7178	37.3291	0.483185
8.7178	37.497	0.488147
8.7178	37.3425	0.475773
8.7178	37.3339	0.454517
8.7178	37.3833	0.476261
8.7178	37.4363	0.478764
8.77496	37.8966	0.482219
8.77496	37.8172	0.48259
8.77496	37.8566	0.489889
8.77496	37.864	0.494645
8.77496	37.8349	0.486798
8.77496	37.9292	0.491618
8.77496	37.9968	0.491619
8.77496	37.8398	0.475361
8.77496	37.8279	0.470625
8.77496	37.8491	0.482652
8.83176	38.3035	0.4894
8.83176	38.2844	0.482371
8.83176	38.3867	0.497373
8.83176	38.4061	0.488043
8.83176	38.3691	0.490575
8.83176	38.294	0.479436
8.83176	38.2584	0.470671
8.83176	38.2811	0.500421
8.83176	38.2526	0.480163
8.83176	38.4182	0.486579
8.88819	38.8931	0.497953
8.88819	38.895	0.486214
8.88819	38.8428	0.502508
8.88819	38.8963	0.506956
8.88819	38.8776	0.494163
8.88819	38.8833	0.495795
8.88819	38.7904	0.498683
8.88819	38.8165	0.494682
8.88819	38.7877	0.505025
8.88819	38.8729	0.486652
8.94427	39.2867	0.501255
8.94427	39.3823	0.496881
8.94427	39.3985	0.503625
8.94427	39.3705	0.50925
8.94427	39.3947	0.507963
8.94427	39.3271	0.506987
8.94427	39.3258	0.494681
8.94427	39.3262	0.513351
8.94427	39.3182	0.499186
8.94427	39.3613	0.507372
9	39.8879	0.511007
9	39.7605	0.511388
9	39.8336	0.508935
9	39.8635	0.519151
9	39.6845	0.50876
9	39.8343	0.515587
9	39.8609	0.511591
9	39.8033	0.510179
9	39.7951	0.516486
9	39.8472	0.512199
9.05539	40.3535	0.501724
9.05539	40.2535	0.517818
9.05539	40.2536	0.518464
9.05539	40.3237	0.520243
9.05539	40.4156	0.51062
9.05539	40.2841	0.522865
9.05539	40.2506	0.506111
9.05539	40.2979	0.52552
9.05539	40.2833	0.513087
9.05539	40.2492	0.519523
9.11043	40.7005	0.52819
9.11043	40.7276	0.533446
9.11043	40.8518	0.527461
9.11043	40.7149	0.512376
9.11043	40.7429	0.535637
9.11043	40.745	0.5243
9.11043	40.8029	0.522018
9.11043	40.8754	0.530811
9.11043	41.0802	0.519773
9.11043	40.7331	0.522234
9.16515	41.3449	0.524296
9.16515	41.2654	0.52898
9.16515	41.3399	0.518045
9.16515	41.3035	0.535153
9.16515	41.2447	0.510136
9.16515	41.3206	0.538711
9.16515	41.266	0.536835
9.16515	41.2314	0.527199
9.16515	41.2172	0.524154
9.16515	41.241	0.526497
9.21954	41.7455	0.527371
9.21954	41.786	0.527238
9.21954	41.7673	0.534938
9.21954	41.7599	0.538524
9.21954	41.7655	0.536744
9.21954	41.8968	0.534507
9.21954	41.8709	0.532368
9.21954	41.7533	0.536849
9.21954	41.7746	0.532767
9.21954	41.7759	0.524215
9.27362	42.2149	0.550916
9.27362	42.362	0.544512
9.27362	42.231	0.556053
9.27362	42.2473	0.543726
9.27362	42.2757	0.550282
9.27362	42.2886	0.540241
9.27362	42.2304	0.523489
9.27362	42.213	0.529412
9.27362	42.2005	0.547149
9.27362	42.2211	0.52577
9.32738	42.7638	0.543234
9.32738	42.6596	0.54588
9.32738	42.7397	0.536733
9.32738	42.6905	0.547615
9.32738	42.7216	0.544159
9.32738	42.8298	0.538674
9.32738	42.6675	0.552124
9.32738	42.7621	0.570583
9.32738	42.7823	0.550599
9.32738	42.8526	0.551364
9.38083	43.2788	0.558344
9.38083	43.2223	0.535379
9.38083	43.2468	0.549667
9.38083	43.1581	0.535989
9.38083	43.3982	0.561967
9.38083	43.3657	0.555127
9.38083	43.3098	0.564398
9.38083	43.207	0.562629
9.38083	43.2366	0.545705
9.38083	43.1744	0.550351
9.43398	43.6749	0.552371
9.43398	43.6578	0.564355
9.43398	43.6413	0.562667
9.43398	43.7474	0.56085
9.43398	43.7576	0.534466
9.43398	43.7105	0.55086
9.43398	43.6216	0.562498
9.43398	43.7356	0.568252
9.43398	43.6649	0.555436
9.43398	43.7898	0.563767
9.48683	44.1775	0.566539
9.48683	44.3421	0.565901
9.48683	44.1831	0.579129
9.48683	44.255	0.5567
9.48683	44.2894	0.563952
9.48683	44.1616	0.558419
9.48683	44.3683	0.562767
9.48683	44.2111	0.551496
9.48683	44.2441	0.563522
9.48683	44.1862	0.564737
9.53939	44.6365	0.562568
9.53939	44.899	0.581783
9.53939	44.7398	0.569969
9.53939	44.7015	0.566131
9.53939	44.7224	0.577907
9.53939	44.71	0.564298
9.53939	44.7478	0.565468
9.53939	44.689	0.577945
9.53939	44.6564	0.583172
9.53939	44.637	0.571183
9.59166	45.2582	0.575276
9.59166	45.3401	0.582901
9.59166	45.2167	0.568059
9.59166	45.2338	0.586092
9.59166	45.3552	0.584132
9.59166	45.1915	0.585679
9.59166	45.42	0.576829
9.59166	45.204	0.57544
9.59166	45.2789	0.586469
9.59166	45.1718	0.576386
9.64365	45.7462	0.579434
9.64365	45.4736	0.587421
9.64365	45.5637	0.580231
9.64365	45.722	0.604312
9.64365	45.7353	0.587057
9.64365	45.6428	0.587252
9.64365	45.7263	0.584094
9.64365	45.5932	0.592185
9.64365	45.6547	0.573952
9.64365	45.6889	0.584769
9.69536	46.2734	0.589129
9.69536	46.2151	0.584236
9.69536	46.2018	0.579281
9.69536	46.1838	0.595237
9.69536	46.2758	0.600808
9.69536	46.062	0.591764
9.69536	46.2796	0.60285
9.69536	46.2899	0.601895
9.69536	46.0528	0.590211
9.69536	46.2856	0.596447
9.74679	46.5336	0.603216
9.74679	46.6129	0.609008
9.74679	46.7273	0.603207
9.74679	46.727	0.604393
9.74679	46.5935	0.588317
9.74679	46.844	0.601561
9.74679	46.6676	0.597196
9.74679	46.6279	0.58792
9.74679	46.656	0.600217
9.74679	46.5978	0.589927
9.79796	47.1703	0.60783
9.79796	47.1496	0.595793
9.79796	47.1564	0.610892
9.79796	47.1159	0.608387
9.79796	47.2572	0.598531
9.79796	47.2022	0.603665
9.79796	47.0944	0.5962
9.79796	47.0979	0.622369
9.79796	47.1576	0.600428
9.79796	47.1771	0.605186
9.84886	47.4545	0.611502
9.84886	47.6784	0.625381
9.84886	47.679	0.619187
9.84886	47.6426	0.606537
9.84886	47.6649	0.606396
9.84886	47.7186	0.615827
9.84886	47.6575	0.621499
9.84886	47.8229	0.606511
9.84886	47.8637	0.627216
9.84886	47.615	0.602335
9.89949	48.0781	0.626294
9.89949	48.0065	0.625799
9.89949	48.1162	0.625742
9.89949	48.1389	0.611345
9.89949	48.1535	0.614353
9.89949	48.0406	0.60407
9.89949	48.2082	0.632507
9.89949	48.2192	0.621013
9.89949	48.0185	0.596946
9.89949	48.099	0.614119
9.94987	48.6638	0.617242
9.94987	48.6513	0.621915
9.94987	48.6032	0.630113
9.94987	48.597	0.628346
9.94987	48.7355	0.611491
9.94987	48.6581	0.631005
9.94987	48.696	0.631906
9.94987	48.5923	0.618135
9.94987	48.6504	0.623138
9.94987	48.5366	0.626405
